image: 0814.pgm
resolution: 0.025000
origin: [-3.347167, -16.072631, 0.000000]
negate: 0
occupied_thresh: 0.65
free_thresh: 0.196

