image: 0815.pgm
resolution: 0.025000
origin: [-8.664570, -4.341546, 0.000000]
negate: 0
occupied_thresh: 0.65
free_thresh: 0.196

