image: 081102.pgm
resolution: 0.025000
origin: [-2.307470, -15.058554, 0.000000]
negate: 0
occupied_thresh: 0.65
free_thresh: 0.196

