image: 20200903-cartographer.pgm
resolution: 0.050000
origin: [-3.631720, -10.225613, 0.000000]
negate: 0
occupied_thresh: 0.65
free_thresh: 0.196

